days_to_last_follow_up
0.0016522076531464629
0.004093048826511428
0.018674491870422631
0.001084216404220369
0.0039792158221174491
0.016197018806012722
0.0014124425056254279
0.0044883100973662042
0.018132563395930688
0.0015526970811300526
0.003993854756092402
0.016197018806012736
0.0091111764324190714
0.0095410882056357459
0.019160166506797471
0.0092861244988656378
0.0092526686504719145
0.016197018806012726
0.0015678581604034035
0.004590212855486951
0.017356631220373946
0.00096995132870739153
0.0039792158221174396
0.016197018806012722
0.0014691534532753742
0.0041057385153734248
0.017214513079659731
0.0016772531858052493
0.0039792158221174266
0.016197018806012733
0.0083323964361450946
0.0085165992219753475
0.020332420745323636
0.0092861244988656499
0.0092526686504719145
0.016197018806012729
0.0010505555538284444
0.0043363332290621828
0.016677851827651361
0.00084381911772402269
0.0039792158221174405
0.016197018806012726
0.0020826828671669522
0.0041064507146598532
0.018535367241583937
0.0016002291558807654
0.0039718963551299532
0.016197018806012733
0.0088136572519711704
0.0090169128122078255
0.015895197062402094
0.0092861244988656534
0.0092526686504719267
0.016197018806012729
0.0015484008142087058
0.0052549853458087594
0.018706359134806921
0.0012501208240064694
0.0057692099379968087
0.014011996370374194
0.0017469149074026199
0.0050526791808312719
0.019789370999240774
0.0015166930471347362
0.0057715379726938016
0.014011996370374194
0.0082136734848706015
0.0079022229401958643
0.0190200734923998
0.0090198549280690373
0.00901869091072054
0.014011996370374194
0.001293740500089982
0.0052572608810822494
0.019629141232213428
0.0010886596082001095
0.0057779341900923691
0.014011996370374194
0.0014861588626194412
0.0051523573465405087
0.017580431824751025
0.0014766753573622409
0.0057715379726938016
0.014011996370374194
0.0090104330947058421
0.0084075880610709093
0.019018548566869648
0.0090175268933720461
0.00901869091072054
0.014011996370374194
0.0012223055856338308
0.0052071592001509993
0.020856377170810767
0.0011536147131386721
0.0057692099379968087
0.014011996370374194
0.0022477427225817302
0.0051884506655947415
0.01813724591199524
0.0014961203357645124
0.0057715379726938016
0.014011996370374194
0.0081034131247609397
0.0081135814171068091
0.019548850032523674
0.0090175268933720461
0.00901869091072054
0.014011996370374194
0.0012265767158403092
0.0041574636902810113
0.018668740097172325
0.0010050492639447535
0.0039689685683350811
0.016197018806012726
0.0015040425694105696
0.0042014827038575489
0.017919155665136972
0.0016000821655253728
0.0039777519287200452
0.016197018806012715
0.0085454330471664113
0.0085901849953852905
0.018008695233544352
0.0092861244988657349
0.0092526686504719961
0.016197018806012722
0.0013251366433813577
0.0040564605890741345
0.018520915495569345
0.00096569141588812306
0.0039792158221175471
0.016197018806012712
0.0016641776839014071
0.0039409563129371248
0.01792138456122503
0.0016089766373873417
0.0039821436089125415
0.016197018806012722
0.008571134139630239
0.0086075121272330881
0.018207712445332126
0.0092861244988657419
0.0092526686504719874
0.016197018806012712
0.0013479305037028329
0.0042179101609722712
0.01800023430558852
0.00095815011181424705
0.003977751928720059
0.016197018806012722
0.0015892052869590939
0.0038644481623173327
0.018382782742808253
0.0015145033836029657
0.003979215822117561
0.016197018806012719
0.0085185356763710016
0.0083974184941096892
0.018285082776918978
0.0092861244988657436
0.0092526686504719909
0.016197018806012726
0.001039373060954927
0.0049111319355443165
0.019022442139143524
0.0011245105427211606
0.0057613016736490618
0.014011996370374275
0.0019810861030360723
0.0048318447633469257
0.018946274262504011
0.0014727477988613848
0.0057873568525972554
0.014011996370374275
0.0077548670536668925
0.0078973895015685865
0.018406223200407468
0.0090172940899024383
0.0090168284829630387
0.014011996370374275
0.0011828349436670764
0.0050119969075016089
0.018805168065411902
0.0010931243094592007
0.0057739788823149762
0.014011996370374275
0.001702796468281525
0.0048927138769200938
0.018644913387221042
0.0014999076631230016
0.0057817719205317418
0.014011996370374275
0.0078453219140297206
0.0077819311916419781
0.018783241573140128
0.0090175268933721364
0.0090175268933721364
0.014011996370374275
0.0011307905752019536
0.0049135112925581302
0.018961137418342794
0.0010916380341020125
0.0057781669935622979
0.014011996370374275
0.0019576151643511583
0.005086240875887149
0.020310139875769538
0.0014831683409008067
0.0057970099673643445
0.014011996370374275
0.0077238093456162248
0.00780945439475634
0.018511266477759424
0.0090163628760236425
0.0090179925003115342
0.014011996370374275
0.0011498289049652964
0.0038944301721182228
0.018397534872436807
0.00092726857592125814
0.0039821436089126335
0.016197018806012757
0.0014933664254719228
0.0040181223973913029
0.018036186804575242
0.0015475998686476644
0.0039806797155151332
0.016197018806012764
0.0085759690312267409
0.0085956561161089386
0.017984286443191604
0.0092861244988656864
0.0092526686504718902
0.016197018806012747
0.0012621120172013945
0.0041813413659828906
0.01826259719114675
0.000964172216396572
0.003979215822117646
0.01619701880601275
0.0013932495841255763
0.0039629828960676553
0.018228466184295626
0.0015090301606644613
0.003985071395707627
0.016197018806012767
0.0085221814922558699
0.0086010947343417837
0.018080047804134001
0.0092861244988656864
0.0092526686504718937
0.016197018806012771
0.0012222970880760822
0.0039011303004044809
0.018210306064402219
0.00098379879213635101
0.0039777519287201519
0.016197018806012761
0.0016156474111117211
0.0040360055036635844
0.018337906380436746
0.0015590533410748608
0.0039740921952264108
0.016197018806012764
0.0087291387565968555
0.0084595282354002366
0.018302870429891236
0.0092861244988656829
0.0092526686504718902
0.016197018806012764
0.0011529515115915581
0.0048187409129070375
0.01926918681635563
0.0010893368848168634
0.0057738636561840062
0.014011996370374568
0.0018960736175681354
0.0049417989943169567
0.018724936357568434
0.0014705165735573482
0.0057761893396737337
0.014011996370374568
0.0078742063279147421
0.00774420266240729
0.018557281849382882
0.0090169448846980846
0.0090171776881677861
0.014011996370374568
0.0011450963376492336
0.0048491901281939604
0.018374513062013462
0.0010740597913647351
0.0057723516092345961
0.014011996370374568
0.0015711429123634656
0.0048143677044936283
0.018516776872998381
0.0014769106823558477
0.0057802610491862073
0.014011996370374568
0.0077559222824998292
0.0074905866720506638
0.019013584963555586
0.0090175268933723341
0.0090175268933723341
0.014011996370374568
0.001140262289293892
0.0047695773580564331
0.019045279133133971
0.0011023742349362833
0.0057690359231968294
0.014011996370374568
0.0017717513819372696
0.0049257866252070308
0.019255092003168901
0.0014787818616460373
0.0057817143074663756
0.014011996370374568
0.0077227994658072945
0.0078418679500211735
0.018952150029047016
0.0090188073124556796
0.0090168284829632364
0.014011996370374568
